# Created by Octave 3.6.2, Fri Oct 17 09:38:50 2014 CEST <root@ubuntu>
# name: cross_red_time
# type: scalar
321.6048119068146


