# Created by Octave 3.6.4, Tue Oct 14 17:17:50 2014 CEST <pchronz@ubuntu>
# name: cross_red_time
# type: scalar
832.4045059230411


