# Created by Octave 3.6.2, Mon Sep 29 19:10:13 2014 CEST <root@ubuntu>
# name: cross_red_time
# type: scalar
708.3374578952789


