# Created by Octave 3.6.2, Mon Oct 06 16:23:19 2014 CEST <root@ubuntu>
# name: cross_red_time
# type: scalar
124.8593480587006


