# Created by Octave 3.6.2, Wed Oct 01 18:30:18 2014 CEST <root@ubuntu>
# name: cross_red_time
# type: scalar
735.1465749740601


