# Created by Octave 3.6.2, Wed Oct 01 20:01:09 2014 CEST <root@ubuntu>
# name: cross_red_time
# type: scalar
597.6952819824219


