# Created by Octave 3.6.4, Wed Oct 01 15:25:55 2014 CEST <pchronz@ubuntu>
# name: cross_red_time
# type: scalar
33.96495505433995


