# Created by Octave 3.6.2, Mon Sep 29 18:56:43 2014 CEST <root@ubuntu>
# name: cross_red_time
# type: scalar
15.05786180496216


