# Created by Octave 3.6.2, Fri Sep 26 16:37:53 2014 CEST <root@ubuntu>
# name: cross_red_time
# type: scalar
680.4020240306854


