# Created by Octave 3.6.4, Mon Sep 29 19:32:07 2014 CEST <pchronz@ubuntu>
# name: cross_red_time
# type: scalar
18.35071405710187


