# Created by Octave 3.6.2, Wed Oct 01 15:50:15 2014 CEST <root@ubuntu>
# name: cross_red_time
# type: scalar
759.7560360431671


