# Created by Octave 3.6.2, Mon Sep 29 19:54:24 2014 CEST <root@ubuntu>
# name: cross_red_time
# type: scalar
726.4036691188812


