# Created by Octave 3.6.2, Tue Jul 09 18:02:39 2013 CEST <root@ubuntu>
# name: It
# type: scalar
20


# name: max_K
# type: scalar
5


# name: Delay
# type: scalar
0


# name: baseline_accuracy
# type: matrix
# ndims: 3
 1 20 5
 0
 0
 0
 0
 0
 0
 0
 0
 0
 0
 0
 0
 0
 0
 0
 0
 0
 0
 0
 0
 0.4635514018691589
 0.5832558139534884
 0.4341486359360301
 0.4639598540145985
 0.3408450704225352
 0.8433962264150944
 0.6122355105795768
 0.4406130268199234
 0.4655831739961759
 0.3743937924345296
 0.4862005519779209
 0.4359205776173285
 0.3952513966480447
 0.431067044381492
 0.8163653663177926
 0.6776625824693685
 0.3758020164986251
 0.6592417061611374
 0.4100185528756957
 0.4698275862068966
 0.3864485981308411
 0.5241860465116279
 0.5517403574788335
 0.3458029197080292
 0.4821596244131455
 0.4787735849056604
 0.4705611775528979
 0.5708812260536399
 0.3781070745697896
 0.526188166828322
 0.3969641214351426
 0.3695848375451263
 0.3826815642458101
 0.6827195467422096
 0.3168411037107517
 0.3722902921771913
 0.4120073327222731
 0.4374407582938389
 0.4230055658627087
 0.3668582375478927
 0.8378504672897197
 0.3720930232558139
 0.6232361241768579
 0.6747262773722628
 0.712206572769953
 0.3797169811320755
 0.3486660533578657
 0.3371647509578544
 0.3891013384321224
 0.3962172647914646
 0.3840846366145354
 0.5045126353790613
 0.3324022346368715
 0.4353163361661945
 0.2654614652711703
 0.351555136663525
 0.384051329055912
 0.2872037914691943
 0.3543599257884972
 0.3414750957854406
 0.6359813084112149
 0.5772093023255814
 0.5973659454374413
 0.4005474452554745
 0.3802816901408451
 0.4084905660377359
 0.2916283348666053
 0.3587164750957854
 0.4345124282982792
 0.5533462657613967
 0.4314627414903404
 0.3637184115523466
 0.3179702048417132
 0.6378659112370161
 0.8325404376784015
 0.293119698397738
 0.4184234647112741
 0.3928909952606635
 0.3070500927643785
 0.382183908045977


# name: baseline_learning
# type: matrix
# ndims: 3
 1 20 5
 0
 0
 0
 0
 0
 0
 0
 0
 0
 0
 0
 0
 0
 0
 0
 0
 0
 0
 0
 0
 152.7167749404907
 179.7335698604584
 138.2841730117798
 155.5082859992981
 132.2981789112091
 174.7644698619843
 155.7706520557404
 151.1089119911194
 150.5216660499573
 153.0547709465027
 186.2815392017365
 116.2820420265198
 136.4054758548737
 133.0669040679932
 146.6671178340912
 143.0737619400024
 146.725930929184
 143.5247678756714
 131.0857980251312
 206.3541610240936
 230.8210649490356
 157.4310190677643
 198.1972329616547
 196.3212139606476
 171.3905091285706
 157.9691498279572
 191.0606021881104
 208.4123759269714
 208.3161242008209
 195.057540178299
 203.8080978393555
 193.5375959873199
 176.3262639045715
 192.3601200580597
 192.8618547916412
 210.4376330375671
 214.4156110286713
 210.5872540473938
 163.8207318782806
 215.5120460987091
 245.5478601455688
 211.7156109809875
 246.2853941917419
 256.8025059700012
 222.2874798774719
 268.659569978714
 203.1882719993591
 231.383581161499
 222.3679609298706
 241.0905690193176
 224.2024750709534
 197.3350360393524
 252.8526451587677
 228.7972459793091
 231.6238610744476
 252.0731728076935
 220.9481120109558
 268.951642036438
 194.530757188797
 191.9534990787506
 249.1078028678894
 209.6808640956879
 239.0579469203949
 251.8329150676727
 253.8772740364075
 264.1626739501953
 227.5645978450775
 249.6237008571625
 241.3186058998108
 289.4430410861969
 265.8942868709564
 263.4655289649963
 236.1418981552124
 271.6373879909515
 206.1175467967987
 297.0519671440125
 227.5516970157623
 274.0892460346222
 267.3029510974884
 271.439975976944


# name: baseline_prediction
# type: matrix
# ndims: 3
 1 20 5
 0
 0
 0
 0
 0
 0
 0
 0
 0
 0
 0
 0
 0
 0
 0
 0
 0
 0
 0
 0
 668.1164200305939
 854.6800510883331
 771.123706817627
 622.9823989868164
 907.1276838779449
 688.9648630619049
 890.3304419517517
 543.9613771438599
 674.8650028705597
 753.8121881484985
 302.9223659038544
 538.9131200313568
 716.5484058856964
 1026.100142002106
 771.8302791118622
 665.4533979892731
 726.0678579807281
 151.8039450645447
 1017.354914188385
 547.5969340801239
 2616.539436101913
 2601.566945075989
 2715.973317146301
 2227.186102151871
 2418.714584827423
 2676.684934854507
 2502.542881011963
 2716.224973917007
 1928.192192077637
 2422.311553001404
 2450.14614200592
 2103.567011117935
 2046.62314081192
 2407.92329287529
 2181.28130698204
 2350.961674928665
 2248.735866069794
 2393.525975942612
 2386.396223068237
 2666.205627918243
 3185.823343992233
 3214.8149330616
 3205.822958946228
 3112.014003992081
 3184.678935050964
 3172.103636980057
 3104.031628131866
 3312.258034944534
 3308.498925924301
 3277.92995095253
 2864.857219934464
 3130.009954929352
 3168.674690008163
 2993.449719190598
 3183.046420812607
 3235.375732898712
 3039.906374931335
 3223.617757081985
 2887.433379888535
 3299.390884876251
 3398.979506015778
 3318.681697130203
 3276.723065853119
 3218.806902885437
 3298.148925065994
 3345.10564494133
 3252.691148042679
 3384.298830032349
 3426.045011043549
 3517.954402923584
 3301.488476037979
 3218.996533870697
 3359.044766902924
 3414.140239953995
 3412.775763034821
 3478.972532987595
 3311.713723897934
 3371.50906085968
 3298.164803028107
 3427.296690940857


# name: prob_accuracy
# type: matrix
# ndims: 3
 1 20 5
 0
 0
 0
 0
 0
 0
 0
 0
 0
 0
 0
 0
 0
 0
 0
 0
 0
 0
 0
 0
 0
 0
 0
 0
 0
 0
 0
 0
 0
 0
 0
 0
 0
 0
 0
 0
 0
 0
 0
 0
 0
 0
 0
 0
 0
 0
 0
 0
 0
 0
 0
 0
 0
 0
 0
 0
 0
 0
 0
 0
 0
 0
 0
 0
 0
 0
 0
 0
 0
 0
 0
 0
 0
 0
 0
 0
 0
 0
 0
 0
 0
 0
 0
 0
 0
 0
 0
 0
 0
 0
 0
 0
 0
 0
 0
 0
 0
 0
 0
 0


# name: prob_learning
# type: matrix
# ndims: 3
 1 20 5
 0
 0
 0
 0
 0
 0
 0
 0
 0
 0
 0
 0
 0
 0
 0
 0
 0
 0
 0
 0
 0
 0
 0
 0
 0
 0
 0
 0
 0
 0
 0
 0
 0
 0
 0
 0
 0
 0
 0
 0
 0
 0
 0
 0
 0
 0
 0
 0
 0
 0
 0
 0
 0
 0
 0
 0
 0
 0
 0
 0
 0
 0
 0
 0
 0
 0
 0
 0
 0
 0
 0
 0
 0
 0
 0
 0
 0
 0
 0
 0
 0
 0
 0
 0
 0
 0
 0
 0
 0
 0
 0
 0
 0
 0
 0
 0
 0
 0
 0
 0


# name: prob_prediction
# type: matrix
# ndims: 3
 1 20 5
 0
 0
 0
 0
 0
 0
 0
 0
 0
 0
 0
 0
 0
 0
 0
 0
 0
 0
 0
 0
 0.0004141330718994141
 0.0004251003265380859
 0.0004100799560546875
 0.0004270076751708984
 0.0004160404205322266
 0.0004210472106933594
 0.0004320144653320312
 0.0004050731658935547
 0.0004000663757324219
 0.0004270076751708984
 0.0004229545593261719
 0.0004241466522216797
 0.0004210472106933594
 0.0004150867462158203
 0.0004079341888427734
 0.0004069805145263672
 0.0004210472106933594
 0.0004100799560546875
 0.0004298686981201172
 0.0004069805145263672
 0.0004370212554931641
 0.0004448890686035156
 0.0004088878631591797
 0.0004220008850097656
 0.0004231929779052734
 0.0004098415374755859
 0.0004129409790039062
 0.0003998279571533203
 0.0004408359527587891
 0.0003960132598876953
 0.0004220008850097656
 0.0004291534423828125
 0.0004441738128662109
 0.0004129409790039062
 0.0004098415374755859
 0.0004138946533203125
 0.0004320144653320312
 0.0004119873046875
 0.0004191398620605469
 0.0004060268402099609
 0.0004391670227050781
 0.0004189014434814453
 0.0004220008850097656
 0.0004241466522216797
 0.0004150867462158203
 0.0003988742828369141
 0.0006480216979980469
 0.0004520416259765625
 0.0004129409790039062
 0.0005929470062255859
 0.0004239082336425781
 0.0004549026489257812
 0.0004410743713378906
 0.0004138946533203125
 0.0004200935363769531
 0.0004251003265380859
 0.0004489421844482422
 0.0004131793975830078
 0.0004141330718994141
 0.0004060268402099609
 0.0004570484161376953
 0.0004429817199707031
 0.0004069805145263672
 0.0004251003265380859
 0.0004401206970214844
 0.0004141330718994141
 0.0004098415374755859
 0.0004010200500488281
 0.0004091262817382812
 0.0004019737243652344
 0.0004210472106933594
 0.0004389286041259766
 0.0004148483276367188
 0.0004131793975830078
 0.0004091262817382812
 0.0004038810729980469
 0.0004200935363769531
 0.0004179477691650391
 0.0004231929779052734
 0.0004031658172607422


