# Created by Octave 3.6.2, Wed Jun 05 04:55:42 2013 CEST <root@ubuntu>
# name: It
# type: scalar
2


# name: max_K
# type: scalar
5


# name: Delay
# type: matrix
# rows: 1
# columns: 2
 0 1


# name: baseline_accuracy
# type: matrix
# ndims: 3
 2 2 5
 0
 0
 0
 0
 0.4050094517958412
 0.4669856459330143
 0.5939565627950897
 0.6717451523545707
 0.2948960302457467
 0.437799043062201
 0.2785646836638338
 0.644506001846722
 0.4886578449905482
 0.4143540669856459
 0.817752596789424
 0.6149584487534626
 0.2603969754253308
 0.4296650717703349
 0.6062322946175638
 0.8287165281625115


# name: baseline_learning
# type: matrix
# ndims: 3
 2 2 5
 0
 0
 0
 0
 170.9826819896698
 219.4209289550781
 145.4127321243286
 163.878161907196
 213.5422480106354
 239.2516579627991
 171.8158049583435
 175.9659569263458
 220.2656030654907
 268.383828163147
 243.0646300315857
 221.5221300125122
 255.6834790706635
 284.1525650024414
 251.0089809894562
 255.7410340309143


# name: baseline_prediction
# type: matrix
# ndims: 3
 2 2 5
 0
 0
 0
 0
 592.5773561000824
 554.3986837863922
 862.1210811138153
 1191.364384174347
 2148.458009004593
 2674.676067829132
 1796.442332029343
 2620.415098905563
 3145.068515062332
 3371.117749929428
 3369.175343990326
 3204.651581048965
 3404.750049829483
 3470.86972784996
 3423.921271085739
 3338.688101053238


# name: prob_accuracy
# type: matrix
# ndims: 3
 2 2 5
 0
 0
 0
 0
 0
 0
 0
 0
 0
 0
 0
 0
 0
 0
 0
 0
 0
 0
 0
 0


# name: prob_learning
# type: matrix
# ndims: 3
 2 2 5
 0
 0
 0
 0
 0
 0
 0
 0
 0
 0
 0
 0
 0
 0
 0
 0
 0
 0
 0
 0


# name: prob_prediction
# type: matrix
# ndims: 3
 2 2 5
 0
 0
 0
 0
 0.000431060791015625
 0.0004048347473144531
 0.0004169940948486328
 0.0004470348358154297
 0.0004100799560546875
 0.0004031658172607422
 0.0004091262817382812
 0.0004229545593261719
 0.0004131793975830078
 0.0004050731658935547
 0.0004138946533203125
 0.0004239082336425781
 0.0004100799560546875
 0.0004041194915771484
 0.0004148483276367188
 0.0004169940948486328


# name: svm_accuracy
# type: matrix
# ndims: 3
 2 2 5
 0
 0
 0
 0
 0.7533081285444234
 0.915311004784689
 0.5349386213408877
 0.8887349953831948
 0.754725897920605
 0.9148325358851674
 0.5358829084041549
 0.518005540166205
 0.7551984877126654
 0.9148325358851674
 0.5354107648725213
 0.518005540166205
 0.754725897920605
 0.915311004784689
 0.7115203021718602
 0.5253924284395198


# name: svm_learning
# type: matrix
# ndims: 3
 2 2 5
 0
 0
 0
 0
 0.1448550224304199
 0.1671891212463379
 0.1402351856231689
 0.3537731170654297
 0.1493620872497559
 0.1613638401031494
 0.1411969661712646
 0.1337778568267822
 0.1447160243988037
 0.1605129241943359
 0.1486301422119141
 0.1329860687255859
 0.1387381553649902
 0.1640200614929199
 0.2423768043518066
 0.1358180046081543


# name: svm_prediction
# type: matrix
# ndims: 3
 2 2 5
 0
 0
 0
 0
 0.448235034942627
 0.5177719593048096
 0.3662040233612061
 1.651438236236572
 0.3689289093017578
 0.5005340576171875
 0.3547999858856201
 0.4603350162506104
 0.3739368915557861
 0.4994142055511475
 0.3535580635070801
 0.4488379955291748
 0.3984980583190918
 0.5104608535766602
 0.9995670318603516
 0.4281671047210693


