# Created by Octave 3.6.4, Wed May 29 14:43:44 2013 CEST <pchronz@ubuntu>
# name: It
# type: scalar
2


# name: max_K
# type: scalar
3


# name: Delay
# type: matrix
# rows: 1
# columns: 2
 0 1


# name: baseline_accuracy
# type: matrix
# ndims: 3
 2 2 3
 0
 0
 0
 0
 0.3996282527881041
 0.4639810426540285
 0.4114339268978444
 0.6910009182736455
 0.6970260223048327
 0.5445497630331754
 0.5979381443298969
 0.7731864095500459


# name: baseline_learning
# type: matrix
# ndims: 3
 2 2 3
 0
 0
 0
 0
 132.6801830123877
 138.1508949738927
 158.5426030423259
 130.5282900715247
 140.5098900167504
 168.9818099582335
 202.4374690523837
 180.529827992199


# name: baseline_prediction
# type: matrix
# ndims: 3
 2 2 3
 0
 0
 0
 0
 396.6317240024218
 752.8926480213413
 352.8157940952806
 128.5095941097243
 1597.415182050318
 1617.206552031683
 1656.975889084744
 1245.551087950007


# name: prob_accuracy
# type: matrix
# ndims: 3
 2 2 3
 0
 0
 0
 0
 0
 0
 0
 0
 0
 0
 0
 0


# name: prob_learning
# type: matrix
# ndims: 3
 2 2 3
 0
 0
 0
 0
 0
 0
 0
 0
 0
 0
 0
 0


# name: prob_prediction
# type: matrix
# ndims: 3
 2 2 3
 0
 0
 0
 0
 0.0002339628990739584
 0.0002849611919373274
 0.0002808960853144526
 0.0003960607573390007
 0.0002329165581613779
 0.0004200002877041698
 0.0002420041710138321
 0.0002390817971900105


# name: svm_accuracy
# type: matrix
# ndims: 3
 2 2 3
 0
 0
 0
 0
 0.7481412639405205
 0.9199052132701422
 0.9283036551077788
 0.9104683195592287
 0.7448884758364313
 0.9066350710900474
 0.8776944704779757
 0.889348025711662


# name: svm_learning
# type: matrix
# ndims: 3
 2 2 3
 0
 0
 0
 0
 0.1487110849702731
 0.1123689023079351
 0.1059750543208793
 0.08243999828118831
 0.1042699052486569
 0.1067450102418661
 0.1788488881429657
 0.1074760275660083


# name: svm_prediction
# type: matrix
# ndims: 3
 2 2 3
 0
 0
 0
 0
 0.2271351168164983
 0.2531879286980256
 0.432507112971507
 0.2580431140959263
 0.4055541030829772
 0.2849778920644894
 0.8826000796398148
 0.4515000209212303


