# Created by Octave 3.6.4, Tue Jun 17 18:12:47 2014 CEST <pchronz@ubuntu>
# name: d
# type: matrix
# rows: 1
# columns: 50
 1 0 1 1 1 1 1 1 1 1 1 1 1 1 1 1 1 1 1 0 1 1 1 1 1 1 1 1 1 1 0 0 0 1 1 1 1 1 1 1 1 1 1 1 1 1 1 1 1 1


# name: max_K
# type: scalar
5


# name: baseline_correctness_serial
# type: matrix
# rows: 5
# columns: 50
 0 0 0 0 0 0 0 0 0 0 0 0 0 0 0 0 0 0 0 0 0 0 0 0 0 0 0 0 0 0 0 0 0 0 0 0 0 0 0 0 0 0 0 0 0 0 0 0 0 0
 0 0 0 0 0 1 1 0 1 1 1 0 1 1 1 1 1 1 1 0 1 1 1 1 1 1 1 1 1 0 0 1 0 1 1 1 0 1 1 1 1 1 1 1 1 1 1 1 1 1
 0 0 0 0 0 1 1 1 1 1 1 0 1 1 1 1 1 1 1 0 1 1 1 1 1 1 1 1 1 1 0 0 0 1 1 1 1 1 1 1 1 1 1 1 1 1 1 1 1 1
 0 0 0 0 0 1 1 1 1 1 1 0 1 1 1 1 1 1 1 0 1 0 1 1 1 1 1 1 1 1 0 1 0 1 1 1 1 1 1 1 1 1 0 1 1 1 1 1 1 0
 0 0 0 0 0 1 1 1 0 1 1 1 1 1 1 1 0 1 1 0 1 1 1 1 1 1 1 1 1 1 0 0 0 1 1 1 1 1 1 1 1 1 1 0 1 0 1 1 1 1


# name: baseline_training_serial
# type: matrix
# rows: 5
# columns: 50
 0 0 0 0 0 0 0 0 0 0 0 0 0 0 0 0 0 0 0 0 0 0 0 0 0 0 0 0 0 0 0 0 0 0 0 0 0 0 0 0 0 0 0 0 0 0 0 0 0 0
 0 0 0 0 0 0.2846031013177708 0.229197085252963 0.3714509768178686 0.4853339698165655 0.1493460111087188 0.1442850108724087 0.376818074262701 0.1973819762933999 0.2607879266142845 0.2423850254854187 0.2488389018690214 0.182299968204461 0.2533709773560986 0.258583938353695 0.3158439724938944 0.3453709678724408 0.3169289692305028 0.5179750863462687 0.4836779845645651 0.3555331095121801 0.4609849069966003 0.4254050898598507 0.4473209189018235 0.616776091279462 0.5674580114427954 0.4690270895371214 0.5129489175742492 0.7977701168274507 0.6211510113207623 0.5273520429618657 0.7152860411442816 0.5015160370385274 0.8261070776497945 0.5462360880337656 0.7648439712356776 0.6626929140184075 0.9073128877207637 0.6541839865967631 0.6977800654713064 0.7567550458479673 0.9731101003708318 0.7995800025528297 0.8718200962757692 0.9178021098487079 1.038816039334051
 0 0 0 0 0 0.2583569628186524 0.2473320238059387 0.274776060716249 0.3165718986419961 0.1361949943238869 0.3548669104930013 0.4341940388549119 0.1836960986256599 0.2156160803278908 0.2037710197037086 0.2325499367434531 0.2609359902562574 0.2655630678636953 0.3193710707128048 0.3035021122777835 0.4216780047863722 0.3313800154719502 0.5306719134096056 0.5151400221511722 0.5084070733282715 0.5395399593980983 0.4255729060387239 0.5168860957492143 0.5984230129979551 0.3742470272118226 0.4954270076705143 0.5525909276911989 0.5053799172164872 0.64838710159529 0.6636330327019095 0.6679760854458436 0.5117550623835996 0.8208459159359336 0.8601989957969636 0.7935658836504444 0.8177369354525581 0.9656140987062827 0.9406159322243184 1.177484097890556 0.9734809719957411 0.9470329387113452 0.9374690363183618 1.310078042908572 1.394657931872644 1.016622976982035
 0 0 0 0 0 0.235974098672159 0.366939983330667 0.2815329794539139 0.3777209387626499 0.1420290190726519 0.3050090948818251 0.2275980043923482 0.2558390932390466 0.2182968984125182 0.2579279406927526 0.2944789677858353 0.3226119544124231 0.3204549540532753 0.3333130293758586 0.3464680567849427 0.5263480809517205 0.4619901095284149 0.4060489212861285 0.4283130413386971 0.364034942467697 0.5427391065750271 0.4094330051448196 0.4944349203724414 0.4864139126148075 0.3937760713743046 0.6187061185482889 0.6295430128229782 0.6358101073419675 0.4530990979401395 0.6134909152751788 0.779661106178537 0.6687538856640458 0.8018269925378263 0.8346909012179822 0.9220061033265665 1.033237926545553 0.8662520222133026 0.9827329695690423 1.078234070097096 0.8433790621347725 1.118101897416636 1.247070081532001 1.11109691823367 1.034451949759386 1.38393104635179
 0 0 0 0 0 0.2546809780178592 0.3579979818314314 0.371720893192105 0.228645920404233 0.1492160394554958 0.3559340159408748 0.1882920865900815 0.1704980955692008 0.1847880975110456 0.2286151183070615 0.2457939083687961 0.2603819620562717 0.3077350677922368 0.328995987190865 0.304647917044349 0.3578670811839402 0.298611014848575 0.3998430212959647 0.4333449248224497 0.4558810411253944 0.5484728867886588 0.5112290544202551 0.5398560544708744 0.5193890992086381 0.5746660348959267 0.508184942882508 0.6344090034253895 0.772440921748057 0.6023190403357148 0.6113270134665072 0.7344521038467064 0.6641519170952961 0.9711980524007231 0.6999848914565518 0.771742942626588 0.7876870565814897 0.8411358908051625 0.8294539789203554 1.024498103186488 1.050088894902728 1.082391076604836 1.248050027759746 1.130738992826082 1.090549880987965 0.9401178865227848


