# Created by Octave 3.6.4, Wed Jun 18 15:58:05 2014 CEST <pchronz@ubuntu>
# name: d
# type: matrix
# rows: 1
# columns: 25
 0 1 1 1 1 1 1 0 1 1 1 0 0 1 0 0 1 1 1 1 1 1 1 1 1


# name: max_K
# type: scalar
5


# name: baseline_correctness_serial
# type: matrix
# rows: 5
# columns: 25
 0 0 0 0 0 0 0 0 0 0 0 0 0 0 0 0 0 0 0 0 0 0 0 0 0
 0 0 0 0 0 0 0 0 1 1 1 0 0 1 0 0 1 0 1 1 1 1 1 0 1
 0 0 0 0 0 1 1 0 1 0 1 0 0 1 1 1 0 0 0 0 0 1 1 0 1
 0 0 0 0 0 1 1 0 1 1 1 0 0 1 0 0 1 0 1 0 1 0 1 1 0
 0 0 0 0 0 1 1 0 1 1 1 0 0 1 0 1 1 1 1 1 0 1 0 1 1


# name: baseline_training_serial
# type: matrix
# rows: 5
# columns: 25
 0 0 0 0 0 0 0 0 0 0 0 0 0 0 0 0 0 0 0 0 0 0 0 0 0
 0 0 0 0 0 0.09634991304483265 0.1123400435317308 0.1617661188356578 0.1719040181487799 0.2319960702443495 0.1900191024178639 0.1348169589182362 0.1513198979664594 0.158364963834174 0.2304068962112069 0.2636170854093507 0.2243910630932078 0.2271619526436552 0.2833750477293506 0.32546302000992 0.2433519238838926 0.3490019992459565 0.3898900841595605 0.5980311188613996 0.3530779758002609
 0 0 0 0 0 0.1116170784225687 0.1218689349479973 0.1344788959249854 0.2283218939555809 0.2591381091624498 0.2256450083805248 0.1622041114605963 0.2416800545761362 0.1653400339419022 0.2037181105697528 0.2919789527077228 0.2056190768489614 0.3304959109518677 0.3445080666569993 0.2911580894142389 0.3610480149509385 0.3733259250875562 0.6727990548824891 0.6465209998423234 0.4724120598984882
 0 0 0 0 0 0.110670996713452 0.1262949631782249 0.1427910837810487 0.1782358845230192 0.2089399846736342 0.1778669656487182 0.1831039795652032 0.2246568873524666 0.161701079341583 0.2819000923773274 0.2120810871711001 0.2531080400804058 0.2349659157916903 0.252401057514362 0.4248879888327792 0.3327029251959175 0.3129410587716848 0.5060170277720317 0.4688469750108197 0.4031940757995471
 0 0 0 0 0 0.1099441107362509 0.1414101135451347 0.1576919637154788 0.2146080881357193 0.1855450068833306 0.14212105225306 0.1744061049539596 0.1751790253911167 0.2005579739343375 0.2148259512614459 0.2351710367947817 0.2686340581858531 0.3364239882212132 0.2443731104722247 0.2811829175334424 0.4051229427568614 0.5125520953442901 0.5074830185621977 0.4505779368337244 0.3926421068608761


# name: baseline_prediction_serial
# type: matrix
# rows: 5
# columns: 25
 0 0 0 0 0 0 0 0 0 0 0 0 0 0 0 0 0 0 0 0 0 0 0 0 0
 0 0 0 0 0 0.007811977993696928 0.007809077622368932 0.005983935203403234 0.02405392937362194 0.02300206501968205 0.01817989849951118 0.01129192649386823 0.01180292130447924 0.01519400405231863 0.01327505544759333 0.01869108167011291 0.00255110498983413 0.002126968349330127 0.01362206321209669 0.01632509275805205 0.0204280074685812 0.01662697654683143 0.00253692246042192 0.002450947882607579 0.003158954321406782
 0 0 0 0 0 0.005610029213130474 0.01418491953518242 0.003472045995295048 0.01484210405033082 0.01849504641722888 0.01188309269491583 0.01075990649405867 0.01203995838295668 0.01396500214468688 0.002354103256948292 0.003568042768165469 0.01306799438316375 0.01460092351771891 0.00304697616957128 0.01784207881428301 0.02008708694484085 0.01838291739113629 0.02535300957970321 0.02791911235544831 0.02518111828248948
 0 0 0 0 0 0.006805974524468184 0.008388013229705393 0.007437051390297711 0.01642607524991035 0.01329690404236317 0.01279797509778291 0.0164699872257188 0.02109706774353981 0.01902488444466144 0.01557610859163105 0.01642994547728449 0.02054994716309011 0.01618011528626084 0.01513706054538488 0.01913406688254327 0.01832899102009833 0.04465689684730023 0.03022405889350921 0.02749404450878501 0.02592591987922788
 0 0 0 0 0 0.007420993992127478 0.01683289895299822 0.01003296894486994 0.008226001518778503 0.01138307282235473 0.02009296556934714 0.0116490077925846 0.01409206970129162 0.021537946886383 0.003956038621254265 0.002941026585176587 0.01469803438521922 0.0172439644811675 0.01762110355775803 0.01521005295217037 0.02436105324886739 0.0197300350992009 0.03311001020483673 0.03163992136251181 0.03182897483929992


# name: prob_model_correctness_serial
# type: matrix
# rows: 5
# columns: 25
 0 0 0 0 0 0 0 0 0 0 0 0 0 0 0 0 0 0 0 0 0 0 0 0 0
 0 0 0 0 0 0 0 0 0 0 0 0 0 0 0 0 0 0 0 0 0 0 0 0 0
 0 0 0 0 0 0 0 0 0 0 0 0 0 0 0 0 0 0 0 0 0 0 0 0 0
 0 0 0 0 0 0 0 0 0 0 0 0 0 0 0 0 0 0 0 0 0 0 0 0 0
 0 0 0 0 0 0 0 0 0 0 0 0 0 0 0 0 0 0 0 0 0 0 0 0 0


# name: prob_model_training_serial
# type: matrix
# rows: 5
# columns: 25
 0 0 0 0 0 0 0 0 0 0 0 0 0 0 0 0 0 0 0 0 0 0 0 0 0
 0 0 0 0 0 0 0 0 0 0 0 0 0 0 0 0 0 0 0 0 0 0 0 0 0
 0 0 0 0 0 0 0 0 0 0 0 0 0 0 0 0 0 0 0 0 0 0 0 0 0
 0 0 0 0 0 0 0 0 0 0 0 0 0 0 0 0 0 0 0 0 0 0 0 0 0
 0 0 0 0 0 0 0 0 0 0 0 0 0 0 0 0 0 0 0 0 0 0 0 0 0


# name: prob_model_prediction_serial
# type: matrix
# rows: 5
# columns: 25
 0 0 0 0 0 0 0 0 0 0 0 0 0 0 0 0 0 0 0 0 0 0 0 0 0
 0 0 0 0 0 0 0 0 0 0 0 0 0 0 0 0 0 0 0 0 0 0 0 0 0
 0 0 0 0 0 0 0 0 0 0 0 0 0 0 0 0 0 0 0 0 0 0 0 0 0
 0 0 0 0 0 0 0 0 0 0 0 0 0 0 0 0 0 0 0 0 0 0 0 0 0
 0 0 0 0 0 0 0 0 0 0 0 0 0 0 0 0 0 0 0 0 0 0 0 0 0


# name: svm_correctness_serial
# type: matrix
# rows: 1
# columns: 25
 -1 0 0 1 1 1 0 1 0 1 0 0 0 0 1 0 0 1 1 1 1 1 0 1 0


# name: svm_training_serial
# type: matrix
# rows: 1
# columns: 25
 -1 0.002324931207112968 0.002879886771552265 0.006042006774805486 0.002935989643447101 0.002086076885461807 0.006033080979250371 0.002326084300875664 0.00204903376288712 0.002740117372013628 0.003169930423609912 0.003862924175336957 0.002831010497175157 0.002891081618145108 0.003625892684794962 0.002173014334402978 0.01219499635044485 0.00247611734084785 0.002427014755085111 0.003474994329735637 0.003087947377935052 0.006008978118188679 0.003391986829228699 0.002541942871175706 0


# name: svm_prediction_serial
# type: matrix
# rows: 1
# columns: 25
 -1 0.001435084501281381 0.001816047937609255 0.00112002226524055 0.001189002534374595 0.0009268939029425383 0.0009120174217969179 0.001031906460411847 0.0007910442072898149 0.001170084462501109 0.001272113411687315 0.001009085448458791 0.002503901720046997 0.003102083341218531 0.0009959958260878921 0.001050940714776516 0.002818055334500968 0.0008079279214143753 0.001109071774408221 0.001042970106936991 0.001354922773316503 0.001294113462790847 0.001968005672097206 0.0008319499902427197 0


# name: bernoulli_correctness_serial
# type: matrix
# rows: 1
# columns: 25
 0 0 1 1 1 0 0 0 1 0 1 0 0 0 1 0 1 0 0 1 0 1 1 0 1


# name: bernoulli_training_serial
# type: matrix
# rows: 1
# columns: 25
 0 0 0.000134036410599947 0.0001739782746881247 0.0001149669988080859 0.0001180365215986967 0.0001180014805868268 0.0001080172369256616 0.0001069279387593269 9.197078179568052e-05 0.0001140811946243048 0.0001320813316851854 0.000109061598777771 0.0003010646905750036 0.0001109587028622627 0.0002439153613522649 0.0001179594546556473 9.50678950175643e-05 0.0001739135477691889 0.0004508882993832231 0.005745066562667489 4.993390757590532e-05 5.591264925897121e-05 0.0001360080204904079 0.0001169771421700716


# name: bernoulli_prediction_serial
# type: matrix
# rows: 1
# columns: 25
 0 0 0.0008329328848049045 0.001616900670342147 0.00125701364595443 0.001213915063999593 0.000703072058968246 0.0006889624055474997 0.0007110652513802052 0.0006740958197042346 0.0004489405546337366 0.0003850784851238132 0.0003599018091335893 0.0004200965631753206 0.0003760576946660876 0.0005890503525733948 0.0006829159101471305 0.0004079884383827448 0.000465038581751287 0.0002939013065770268 0.0001911140279844403 0.0001820037141442299 0.0001730616204440594 0.0003460482694208622 0.0002730624983087182


