# Created by Octave 3.6.2, Thu Jun 13 14:29:45 2013 CEST <root@ubuntu>
# name: It
# type: scalar
20


# name: max_K
# type: scalar
5


# name: Delay
# type: scalar
0


# name: baseline_accuracy
# type: matrix
# ndims: 3
 1 20 5
 0
 0
 0
 0
 0
 0
 0
 0
 0
 0
 0
 0
 0
 0
 0
 0
 0
 0
 0
 0
 0.9752475247524752
 0.7421052631578947
 0.968013468013468
 0.9681978798586572
 0.9683333333333334
 0.976271186440678
 0.9726027397260274
 0.9532871972318339
 0.9690721649484536
 0.9816666666666667
 0.9698996655518395
 0.9724137931034482
 0.9701986754966887
 0.964516129032258
 0.976027397260274
 0.9780405405405406
 0.9686411149825784
 0.96415770609319
 0.9664429530201343
 0.9710610932475884
 0.9735973597359736
 0.9771929824561404
 0.9646464646464646
 0.9787985865724381
 0.96
 0.9847457627118644
 0.9726027397260274
 0.9550173010380623
 0.9553264604810997
 0.9766666666666667
 0.9665551839464883
 0.9655172413793104
 0.9668874172185431
 0.9693548387096774
 0.964041095890411
 0.981418918918919
 0.9651567944250871
 0.9480286738351255
 0.761744966442953
 0.9662379421221865
 0.9785478547854786
 0.9701754385964912
 0.9646464646464646
 0.9487632508833922
 0.9716666666666667
 0.976271186440678
 0.9845890410958904
 0.9550173010380623
 0.9759450171821306
 0.98
 0.9682274247491639
 0.9689655172413794
 0.9801324503311258
 0.9709677419354839
 0.964041095890411
 0.9611486486486487
 0.9773519163763066
 0.9444444444444444
 0.761744966442953
 0.9646302250803859
 0.9653465346534653
 0.9701754385964912
 0.9629629629629629
 0.9487632508833922
 0.9783333333333334
 0.976271186440678
 0.9794520547945206
 0.967128027681661
 0.9725085910652921
 0.975
 0.9782608695652174
 0.9586206896551724
 0.9685430463576159
 0.9741935483870968
 0.9623287671232876
 0.9611486486486487
 0.9790940766550522
 0.9605734767025089
 0.761744966442953
 0.9694533762057878


# name: baseline_learning
# type: matrix
# ndims: 3
 1 20 5
 0
 0
 0
 0
 0
 0
 0
 0
 0
 0
 0
 0
 0
 0
 0
 0
 0
 0
 0
 0
 1.42040491104126
 1.596235036849976
 1.813987016677856
 1.953681945800781
 2.424073934555054
 1.777427911758423
 2.140917062759399
 1.580649852752686
 1.571016073226929
 1.120282173156738
 1.73729395866394
 1.572794914245605
 1.42064905166626
 1.337372064590454
 2.254925012588501
 1.848114013671875
 1.637890100479126
 2.076131105422974
 1.502276182174683
 1.045151948928833
 1.118513107299805
 2.287977933883667
 2.806677103042603
 1.626157999038696
 2.93641996383667
 1.490258932113647
 1.842360019683838
 1.923135995864868
 2.631306886672974
 2.081482172012329
 2.349632024765015
 2.317264080047607
 1.793835163116455
 2.497464895248413
 1.866245985031128
 2.071165084838867
 1.626444816589355
 2.472611904144287
 2.12598705291748
 1.61478590965271
 1.716974973678589
 4.710488080978394
 1.858378171920776
 2.314268112182617
 4.189831972122192
 2.46771502494812
 3.226251125335693
 2.611176013946533
 2.922116994857788
 2.075229167938232
 2.171640872955322
 1.628231048583984
 1.780120134353638
 2.494741916656494
 2.54557204246521
 5.788136005401611
 4.084419965744019
 4.258877992630005
 2.107813119888306
 3.609960079193115
 2.651674032211304
 3.780916929244995
 3.745944976806641
 2.67273998260498
 3.288500070571899
 3.771240949630737
 4.31696605682373
 3.370094060897827
 2.554703950881958
 3.063870906829834
 2.43657112121582
 2.622029066085815
 1.751852989196777
 4.072465896606445
 1.590245008468628
 3.848504066467285
 4.0069260597229
 3.548269987106323
 2.761772155761719
 2.795138120651245


# name: baseline_prediction
# type: matrix
# ndims: 3
 1 20 5
 0
 0
 0
 0
 0
 0
 0
 0
 0
 0
 0
 0
 0
 0
 0
 0
 0
 0
 0
 0
 2.055008172988892
 1.916556835174561
 2.020392894744873
 1.884450912475586
 1.986760854721069
 1.955925941467285
 1.937808036804199
 1.960838079452515
 1.985684871673584
 2.031031847000122
 1.991291999816895
 2.003622055053711
 2.152079105377197
 2.089447021484375
 1.997074842453003
 2.060745000839233
 1.966872215270996
 1.929633140563965
 2.041857004165649
 2.102638006210327
 2.066210985183716
 1.93786883354187
 2.063368082046509
 1.922285079956055
 2.021644115447998
 1.989427089691162
 2.007796049118042
 1.957748174667358
 2.161120891571045
 2.062847137451172
 2.016695976257324
 2.048482894897461
 2.117764949798584
 2.120190858840942
 2.006787061691284
 2.132977962493896
 2.042134046554565
 1.944972038269043
 2.055288076400757
 2.142804861068726
 2.098566770553589
 1.957677125930786
 2.095905065536499
 1.954070091247559
 2.061222791671753
 2.051057100296021
 2.041110038757324
 2.022282123565674
 2.010138988494873
 2.073580026626587
 2.178977966308594
 2.094203948974609
 2.162117958068848
 2.176016092300415
 2.052736043930054
 2.115617036819458
 2.014610052108765
 1.964818000793457
 2.089695930480957
 2.192517995834351
 2.117098093032837
 2.067283868789673
 2.097723960876465
 1.971657037734985
 2.104474067687988
 2.062985897064209
 2.051085948944092
 2.086389064788818
 2.06204891204834
 2.113872051239014
 2.135743141174316
 2.118680000305176
 2.124446153640747
 2.260254859924316
 2.099867105484009
 2.175374984741211
 2.012386083602905
 1.986256122589111
 2.092213869094849
 2.225425004959106


# name: prob_accuracy
# type: matrix
# ndims: 3
 1 20 5
 0
 0
 0
 0
 0
 0
 0
 0
 0
 0
 0
 0
 0
 0
 0
 0
 0
 0
 0
 0
 0
 0
 0
 0
 0
 0
 0
 0
 0
 0
 0
 0
 0
 0
 0
 0
 0
 0
 0
 0
 0
 0
 0
 0
 0
 0
 0
 0
 0
 0
 0
 0
 0
 0
 0
 0
 0
 0
 0
 0
 0
 0
 0
 0
 0
 0
 0
 0
 0
 0
 0
 0
 0
 0
 0
 0
 0
 0
 0
 0
 0
 0
 0
 0
 0
 0
 0
 0
 0
 0
 0
 0
 0
 0
 0
 0
 0
 0
 0
 0


# name: prob_learning
# type: matrix
# ndims: 3
 1 20 5
 0
 0
 0
 0
 0
 0
 0
 0
 0
 0
 0
 0
 0
 0
 0
 0
 0
 0
 0
 0
 0
 0
 0
 0
 0
 0
 0
 0
 0
 0
 0
 0
 0
 0
 0
 0
 0
 0
 0
 0
 0
 0
 0
 0
 0
 0
 0
 0
 0
 0
 0
 0
 0
 0
 0
 0
 0
 0
 0
 0
 0
 0
 0
 0
 0
 0
 0
 0
 0
 0
 0
 0
 0
 0
 0
 0
 0
 0
 0
 0
 0
 0
 0
 0
 0
 0
 0
 0
 0
 0
 0
 0
 0
 0
 0
 0
 0
 0
 0
 0


# name: prob_prediction
# type: matrix
# ndims: 3
 1 20 5
 0
 0
 0
 0
 0
 0
 0
 0
 0
 0
 0
 0
 0
 0
 0
 0
 0
 0
 0
 0
 0.0002171993255615234
 4.601478576660156e-05
 0.0001280307769775391
 8.392333984375e-05
 0.0001289844512939453
 0.0001268386840820312
 0.0001280307769775391
 4.792213439941406e-05
 0.0001220703125
 9.799003601074219e-05
 7.009506225585938e-05
 0.0001239776611328125
 0.0002210140228271484
 0.0002470016479492188
 0.0001499652862548828
 0.0001509189605712891
 0.0001308917999267578
 0.0001199245452880859
 0.0001199245452880859
 0.0001330375671386719
 0
 5.078315734863281e-05
 0.0001289844512939453
 0.0001201629638671875
 0.0001280307769775391
 0.0001311302185058594
 0.0001239776611328125
 5.006790161132812e-05
 0.0001168251037597656
 0.0001611709594726562
 5.197525024414062e-05
 0
 0.0001292228698730469
 5.102157592773438e-05
 0.0002768039703369141
 0.0001270771026611328
 0.0001311302185058594
 0.0001370906829833984
 0.0001268386840820312
 0.0001320838928222656
 0.0001049041748046875
 0.0001208782196044922
 0.0001649856567382812
 6.580352783203125e-05
 0.0001289844512939453
 0.0001280307769775391
 0.0001380443572998047
 0.0001268386840820312
 0
 0.0007760524749755859
 8.702278137207031e-05
 0.0001208782196044922
 0.0001301765441894531
 0.0001299381256103516
 0.0001800060272216797
 0.0001578330993652344
 0.0001208782196044922
 0.0001208782196044922
 0.0001251697540283203
 0.0001320838928222656
 0
 0.0001220703125
 8.296966552734375e-05
 4.696846008300781e-05
 0.0001299381256103516
 7.081031799316406e-05
 0
 0.0001249313354492188
 0.0001220703125
 0.0001270771026611328
 0.0001270771026611328
 0.0001251697540283203
 0.0001728534698486328
 0.0001330375671386719
 0.000125885009765625
 0.0001280307769775391
 9.799003601074219e-05
 0.0001418590545654297
 0.0001289844512939453
 0.0001327991485595703


