# Created by Octave 3.6.2, Thu Jun 06 16:29:35 2013 CEST <root@ubuntu>
# name: It
# type: scalar
20


# name: max_K
# type: scalar
3


# name: Delay
# type: matrix
# rows: 1
# columns: 3
 -1 0 1


# name: baseline_accuracy
# type: matrix
# ndims: 3
 3 20 3
 0
 0
 0
 0
 0
 0
 0
 0
 0
 0
 0
 0
 0
 0
 0
 0
 0
 0
 0
 0
 0
 0
 0
 0
 0
 0
 0
 0
 0
 0
 0
 0
 0
 0
 0
 0
 0
 0
 0
 0
 0
 0
 0
 0
 0
 0
 0
 0
 0
 0
 0
 0
 0
 0
 0
 0
 0
 0
 0
 0
 0.9695945945945946
 0.9713804713804713
 0.9692028985507246
 0.9732441471571907
 0.9694915254237289
 0.9634146341463414
 0.9792387543252595
 0.9756493506493507
 0.9635761589403974
 0.970873786407767
 0.9802631578947368
 0.9735973597359736
 0.9699367088607594
 0.9712837837837838
 0.976897689768977
 0.9704861111111112
 0.9612676056338029
 0.9788273615635179
 0.96843853820598
 0.9747474747474747
 0.7320819112627986
 0.9659863945578231
 0.9663299663299664
 0.9579124579124579
 0.9781144781144782
 0.75
 0.9726027397260274
 0.9822580645161291
 0.9734219269102991
 0.967741935483871
 0.9704918032786886
 0.970873786407767
 0.9705882352941176
 0.9786476868327402
 0.978405315614618
 0.9675767918088737
 0.9707903780068728
 0.9800664451827242
 0.976027397260274
 0.9701986754966887
 0.9603960396039604
 0.9744027303754266
 0.9734219269102991
 0.9731543624161074
 0.9615384615384616
 0.9726962457337884
 0.9586092715231788
 0.9673202614379085
 0.9763513513513513
 0.9754901960784313
 0.967128027681661
 0.9665551839464883
 0.971947194719472
 0.9629032258064516
 0.9780405405405406
 0.9711864406779661
 0.9733333333333334
 0.9691558441558441
 0.9712837837837838
 0.9631578947368421
 0.9679054054054054
 0.9629629629629629
 0.9565217391304348
 0.9782608695652174
 0.9728813559322034
 0.9651567944250871
 0.986159169550173
 0.9529220779220779
 0.9685430463576159
 0.9741100323624595
 0.9819078947368421
 0.9702970297029703
 0.9667721518987342
 0.9780405405405406
 0.9785478547854786
 0.9496527777777778
 0.7411971830985915
 0.9592833876221498
 0.9651162790697675
 0.9797979797979798
 0.9761092150170648
 0.967687074829932
 0.9646464646464646
 0.9781144781144782
 0.968013468013468
 0.9727891156462585
 0.9691780821917808
 0.9758064516129032
 0.96843853820598
 0.964516129032258
 0.978688524590164
 0.9692556634304207
 0.9619377162629758
 0.9750889679715302
 0.9601328903654485
 0.9590443686006825
 0.9810996563573883
 0.9634551495016611
 0.9828767123287672
 0.9635761589403974
 0.9752475247524752
 0.9573378839590444
 0.9817275747508306
 0.9681208053691275
 0.9632107023411371
 0.9778156996587031
 0.7417218543046358
 0.9689542483660131
 0.9510135135135135
 0.9803921568627451
 0.972318339100346
 0.9648829431438127
 0.9735973597359736
 0.964516129032258
 0.9662162162162162
 0.9661016949152542
 0.9583333333333334
 0.9675324675324676
 0.9628378378378378
 0.9596491228070175


# name: baseline_learning
# type: matrix
# ndims: 3
 3 20 3
 0
 0
 0
 0
 0
 0
 0
 0
 0
 0
 0
 0
 0
 0
 0
 0
 0
 0
 0
 0
 0
 0
 0
 0
 0
 0
 0
 0
 0
 0
 0
 0
 0
 0
 0
 0
 0
 0
 0
 0
 0
 0
 0
 0
 0
 0
 0
 0
 0
 0
 0
 0
 0
 0
 0
 0
 0
 0
 0
 0
 1.18593692779541
 1.808969020843506
 1.724714994430542
 1.811738014221191
 1.863385915756226
 1.94087290763855
 2.97656512260437
 1.637937068939209
 1.11574912071228
 2.322400093078613
 1.708623170852661
 1.120965003967285
 1.565465927124023
 1.503363132476807
 1.423702955245972
 1.282621145248413
 1.288602113723755
 1.374726057052612
 1.189260959625244
 1.48725414276123
 1.53577995300293
 1.892502069473267
 1.803589105606079
 1.486194849014282
 1.848639965057373
 1.522941112518311
 1.219860076904297
 1.694288015365601
 2.358549833297729
 1.623961925506592
 1.452481985092163
 1.051161050796509
 1.243831872940063
 2.070675849914551
 1.749838829040527
 1.519057035446167
 1.585519790649414
 1.439910173416138
 1.921612977981567
 1.16905689239502
 2.02382493019104
 1.575850963592529
 1.750437021255493
 1.164891958236694
 1.185519933700562
 1.536862850189209
 1.109295129776001
 1.113166809082031
 1.502320051193237
 1.680922031402588
 1.935664892196655
 1.783067941665649
 1.719671964645386
 1.657341003417969
 1.5050368309021
 1.193559169769287
 1.50056004524231
 1.662636041641235
 1.482809066772461
 2.030037879943848
 2.55632495880127
 2.127599954605103
 3.241630077362061
 1.164278030395508
 1.51940393447876
 2.987107038497925
 1.288271188735962
 2.839015960693359
 2.979386806488037
 1.416821002960205
 1.71482515335083
 3.567607879638672
 2.724806070327759
 1.489758014678955
 3.564529895782471
 2.327690839767456
 2.343815088272095
 2.002087831497192
 1.771147966384888
 1.502912044525146
 2.868745088577271
 2.890300035476685
 1.179983139038086
 1.499897956848145
 3.182116031646729
 2.518824100494385
 2.212985038757324
 1.362849950790405
 1.443358182907104
 1.623001098632812
 1.152920961380005
 2.523615121841431
 1.587830066680908
 1.349117040634155
 2.371119976043701
 2.518431186676025
 1.928806066513062
 2.376106977462769
 4.306317806243896
 2.104743957519531
 2.066380977630615
 2.626199960708618
 1.768794059753418
 2.112757921218872
 2.843180894851685
 1.53557300567627
 1.447936058044434
 2.329156875610352
 3.441906929016113
 1.393229007720947
 1.277586936950684
 1.471814155578613
 1.737407207489014
 2.848026037216187
 2.489058017730713
 3.149641036987305
 2.836696147918701
 1.966593980789185
 2.466379880905151
 3.504557847976685


# name: baseline_prediction
# type: matrix
# ndims: 3
 3 20 3
 0
 0
 0
 0
 0
 0
 0
 0
 0
 0
 0
 0
 0
 0
 0
 0
 0
 0
 0
 0
 0
 0
 0
 0
 0
 0
 0
 0
 0
 0
 0
 0
 0
 0
 0
 0
 0
 0
 0
 0
 0
 0
 0
 0
 0
 0
 0
 0
 0
 0
 0
 0
 0
 0
 0
 0
 0
 0
 0
 0
 1.998557806015015
 1.997095108032227
 1.853470087051392
 2.043961048126221
 1.981076955795288
 1.92730712890625
 1.959867000579834
 2.064818143844604
 2.02980899810791
 2.122221946716309
 2.038702011108398
 2.042435884475708
 2.149470806121826
 1.993829011917114
 2.037950992584229
 1.94081711769104
 1.908699989318848
 2.059352159500122
 2.067363023757935
 1.992922067642212
 1.957227945327759
 2.038294792175293
 2.001560926437378
 1.992491006851196
 2.02144193649292
 1.966763973236084
 1.959030866622925
 2.184916019439697
 2.021329879760742
 2.084988117218018
 2.087975978851318
 2.069875955581665
 1.94408106803894
 1.926414012908936
 2.017836093902588
 1.969842195510864
 1.96915078163147
 2.017212152481079
 2.045857906341553
 2.06403923034668
 2.034734010696411
 2.005085945129395
 2.023022890090942
 2.000659227371216
 2.084893941879272
 1.969202041625977
 2.024882078170776
 2.098759174346924
 1.988635063171387
 2.053820133209229
 1.950254917144775
 2.01084303855896
 2.039113998413086
 2.12939715385437
 1.988839864730835
 1.981519937515259
 2.052296161651611
 2.069056987762451
 1.993527173995972
 1.952807903289795
 2.055511951446533
 2.035129070281982
 1.890738010406494
 2.097314119338989
 2.009305000305176
 1.954780101776123
 2.03740406036377
 2.116857051849365
 2.067699909210205
 2.15151309967041
 2.06994104385376
 2.08572793006897
 2.224306106567383
 2.014182090759277
 2.064287900924683
 1.997288942337036
 1.935163974761963
 2.091057062149048
 2.103425979614258
 2.037697792053223
 2.006427049636841
 2.075486183166504
 2.032109022140503
 2.028163909912109
 2.078305959701538
 2.01271390914917
 2.00051212310791
 2.150367975234985
 2.050754070281982
 2.120975017547607
 2.147954940795898
 2.119789838790894
 1.981714963912964
 1.953304052352905
 2.04880690574646
 2.026218891143799
 1.977469921112061
 2.070862054824829
 2.078980207443237
 2.07380199432373
 2.080833911895752
 2.06860613822937
 2.061532974243164
 2.049028158187866
 2.099345207214355
 2.000020027160645
 2.071784019470215
 2.139584064483643
 2.018428087234497
 2.083257913589478
 2.002274036407471
 2.050716161727905
 2.064979076385498
 2.162654876708984
 2.040199041366577
 2.02222204208374
 2.143986940383911
 2.1074538230896
 2.016976833343506
 1.986704111099243


