# Created by Octave 3.6.2, Tue Jun 11 16:20:58 2013 CEST <root@ubuntu>
# name: It
# type: scalar
20


# name: max_K
# type: scalar
5


# name: Delay
# type: scalar
0


# name: baseline_accuracy
# type: matrix
# ndims: 3
 1 20 5
 0
 0
 0
 0
 0
 0
 0
 0
 0
 0
 0
 0
 0
 0
 0
 0
 0
 0
 0
 0
 0.9722222222222222
 0.9642857142857143
 0.9593220338983051
 0.9612676056338029
 0.9717868338557993
 0.9594594594594594
 0.9734982332155477
 0.9696969696969697
 0.9675324675324676
 0.96843853820598
 0.9742765273311897
 0.9634146341463414
 0.9685185185185186
 0.9618055555555556
 0.9658703071672355
 0.7552447552447552
 0.9728434504792333
 0.9690721649484536
 0.9608843537414966
 0.9739413680781759
 0.9558823529411765
 0.9659863945578231
 0.9576271186440678
 0.9612676056338029
 0.9655172413793104
 0.9746621621621622
 0.9646643109540636
 0.9579124579124579
 0.9772727272727273
 0.9667774086378738
 0.954983922829582
 0.9651567944250871
 0.9777777777777777
 0.9670138888888888
 0.9726962457337884
 0.965034965034965
 0.9616613418530351
 0.9621993127147767
 0.7482993197278912
 0.9690553745928339
 0.9722222222222222
 0.9591836734693877
 0.9627118644067797
 0.9595070422535211
 0.9686520376175548
 0.9780405405405406
 0.9646643109540636
 0.9579124579124579
 0.9626623376623377
 0.9833887043189369
 0.9614147909967846
 0.9651567944250871
 0.75
 0.96875
 0.9675767918088737
 0.9632867132867133
 0.963258785942492
 0.9621993127147767
 0.7482993197278912
 0.9804560260586319
 0.9705882352941176
 0.9574829931972789
 0.9830508474576272
 0.9788732394366197
 0.9827586206896551
 0.9746621621621622
 0.9734982332155477
 0.968013468013468
 0.9675324675324676
 0.9634551495016611
 0.9630225080385852
 0.9651567944250871
 0.987037037037037
 0.9774305555555556
 0.9641638225255973
 0.972027972027972
 0.9616613418530351
 0.9604810996563574
 0.7517006802721088
 0.9837133550488599


# name: baseline_learning
# type: matrix
# ndims: 3
 1 20 5
 0
 0
 0
 0
 0
 0
 0
 0
 0
 0
 0
 0
 0
 0
 0
 0
 0
 0
 0
 0
 1.420116186141968
 2.240417003631592
 1.949295997619629
 2.401046991348267
 1.335606098175049
 1.524602890014648
 2.065070867538452
 1.477810144424438
 1.98947286605835
 1.463927030563354
 1.626574993133545
 1.275000095367432
 1.838356018066406
 1.266256093978882
 1.565171003341675
 1.613213062286377
 1.696518898010254
 2.340517997741699
 1.60660195350647
 2.287607908248901
 3.01286506652832
 3.364371061325073
 3.234819173812866
 2.414329051971436
 2.262395143508911
 2.519958972930908
 2.806302070617676
 2.833354949951172
 1.721483945846558
 1.495354890823364
 2.237658977508545
 2.700562000274658
 1.451184988021851
 2.688452005386353
 1.224920988082886
 1.992972135543823
 1.409825801849365
 2.70547890663147
 2.391990900039673
 1.994013071060181
 3.384538888931274
 2.341650009155273
 3.622521877288818
 1.702891111373901
 2.51212477684021
 2.217375040054321
 2.462957859039307
 2.533071994781494
 3.779881954193115
 2.416189908981323
 2.538032054901123
 2.342890024185181
 2.636929035186768
 2.700421094894409
 3.920047044754028
 1.295022010803223
 2.0120849609375
 2.712392091751099
 2.703171014785767
 3.222018003463745
 2.692401170730591
 3.075987100601196
 3.967505931854248
 2.8232741355896
 2.219080924987793
 3.676324844360352
 2.780627012252808
 3.216833829879761
 2.357691049575806
 2.431777954101562
 1.986640930175781
 2.757673978805542
 5.080796957015991
 3.475389957427979
 3.272845983505249
 3.246658086776733
 3.204841136932373
 5.983004808425903
 2.59890604019165
 2.012217044830322


# name: baseline_prediction
# type: matrix
# ndims: 3
 1 20 5
 0
 0
 0
 0
 0
 0
 0
 0
 0
 0
 0
 0
 0
 0
 0
 0
 0
 0
 0
 0
 2.096590995788574
 2.067613840103149
 2.032835006713867
 1.939767837524414
 2.289961099624634
 1.988903045654297
 1.937827110290527
 2.008430004119873
 2.081828832626343
 2.079442977905273
 2.087570905685425
 1.940240859985352
 1.844692945480347
 1.968471050262451
 2.0190749168396
 1.919991016387939
 2.209663867950439
 2.053873062133789
 2.091328859329224
 2.064413070678711
 2.200955152511597
 2.115866899490356
 2.053828954696655
 1.943762063980103
 2.341066122055054
 2.02839183807373
 1.929029941558838
 2.03496789932251
 2.152411937713623
 2.075959205627441
 2.149049043655396
 1.963228940963745
 1.873313188552856
 2.0105299949646
 2.005358934402466
 1.969960927963257
 2.261590003967285
 2.082387924194336
 2.177793979644775
 2.111676931381226
 2.238075971603394
 2.185582160949707
 2.083935022354126
 2.016984939575195
 2.384111881256104
 2.084390878677368
 1.976792812347412
 2.093602895736694
 2.130724906921387
 2.099658966064453
 2.183341979980469
 1.985589027404785
 1.897418022155762
 2.042346000671387
 2.04944896697998
 2.003352165222168
 2.297485113143921
 2.129028081893921
 2.058230876922607
 2.139144897460938
 2.199179172515869
 2.197190046310425
 2.150489807128906
 2.119875907897949
 2.309177875518799
 2.122601985931396
 2.024296045303345
 2.107985973358154
 2.178004026412964
 2.122458934783936
 2.193830013275146
 2.051627159118652
 1.939237833023071
 2.060425043106079
 2.080087900161743
 2.180508136749268
 2.31096887588501
 2.169519901275635
 2.065335035324097
 2.159672021865845


# name: prob_accuracy
# type: matrix
# ndims: 3
 1 20 5
 0
 0
 0
 0
 0
 0
 0
 0
 0
 0
 0
 0
 0
 0
 0
 0
 0
 0
 0
 0
 0
 0
 0
 0
 0
 0
 0
 0
 0
 0
 0
 0
 0
 0
 0
 0
 0
 0
 0
 0
 0
 0
 0
 0
 0
 0
 0
 0
 0
 0
 0
 0
 0
 0
 0
 0
 0
 0
 0
 0
 0
 0
 0
 0
 0
 0
 0
 0
 0
 0
 0
 0
 0
 0
 0
 0
 0
 0
 0
 0
 0
 0
 0
 0
 0
 0
 0
 0
 0
 0
 0
 0
 0
 0
 0
 0
 0
 0
 0
 0


# name: prob_learning
# type: matrix
# ndims: 3
 1 20 5
 0
 0
 0
 0
 0
 0
 0
 0
 0
 0
 0
 0
 0
 0
 0
 0
 0
 0
 0
 0
 0
 0
 0
 0
 0
 0
 0
 0
 0
 0
 0
 0
 0
 0
 0
 0
 0
 0
 0
 0
 0
 0
 0
 0
 0
 0
 0
 0
 0
 0
 0
 0
 0
 0
 0
 0
 0
 0
 0
 0
 0
 0
 0
 0
 0
 0
 0
 0
 0
 0
 0
 0
 0
 0
 0
 0
 0
 0
 0
 0
 0
 0
 0
 0
 0
 0
 0
 0
 0
 0
 0
 0
 0
 0
 0
 0
 0
 0
 0
 0


# name: prob_prediction
# type: matrix
# ndims: 3
 1 20 5
 0
 0
 0
 0
 0
 0
 0
 0
 0
 0
 0
 0
 0
 0
 0
 0
 0
 0
 0
 0
 0.0001299381256103516
 0.0001230239868164062
 0.0001270771026611328
 0.0001208782196044922
 0.0001230239868164062
 9.298324584960938e-05
 0.0001211166381835938
 0.0001239776611328125
 0.0001289844512939453
 0.0001280307769775391
 0.0001292228698730469
 0.0001418590545654297
 0.0001177787780761719
 0
 0.0001239776611328125
 9.918212890625e-05
 0.0001311302185058594
 9.5367431640625e-07
 0.000125885009765625
 0
 0.0002298355102539062
 7.796287536621094e-05
 0.0001718997955322266
 0.0001001358032226562
 0.0001339912414550781
 0.0001280307769775391
 0.0001249313354492188
 0.0001528263092041016
 0.0001308917999267578
 0.0001389980316162109
 0.0003848075866699219
 0.0001320838928222656
 0.0001161098480224609
 7.700920104980469e-05
 0.0001270771026611328
 0.0001139640808105469
 5.91278076171875e-05
 9.512901306152344e-05
 0.0001599788665771484
 0
 0.0001301765441894531
 7.891654968261719e-05
 0.0001268386840820312
 0.0001230239868164062
 0.0001189708709716797
 0.0001409053802490234
 0.0001220703125
 0.0001311302185058594
 0.0001289844512939453
 0
 0
 0.0001220703125
 0.0001170635223388672
 4.100799560546875e-05
 0.0001239776611328125
 9.608268737792969e-05
 0.0001111030578613281
 9.894371032714844e-05
 0.0001521110534667969
 0.0001327991485595703
 0
 7.414817810058594e-05
 0.0001270771026611328
 0.0001280307769775391
 9.894371032714844e-05
 0.0001277923583984375
 0.000125885009765625
 0.0001289844512939453
 0.0002291202545166016
 0.0001268386840820312
 0.0001461505889892578
 0.0001239776611328125
 0.0001168251037597656
 0.0001208782196044922
 3.504753112792969e-05
 0.0001142024993896484
 0.0001020431518554688
 0.0001280307769775391
 0.0001251697540283203
 0.001266002655029297


