# Created by Octave 3.6.2, Sat Jun 08 19:30:47 2013 CEST <root@ubuntu>
# name: It
# type: scalar
20


# name: max_K
# type: scalar
5


# name: Delay
# type: scalar
0


# name: baseline_accuracy
# type: matrix
# ndims: 3
 1 20 5
 0
 0
 0
 0
 0
 0
 0
 0
 0
 0
 0
 0
 0
 0
 0
 0
 0
 0
 0
 0
 0.9787985865724381
 0.9642857142857143
 0.9628975265017667
 0.9743589743589743
 0.9724137931034482
 0.9699367088607594
 0.9651162790697675
 0.979933110367893
 0.9638989169675091
 0.9572953736654805
 0.9603448275862069
 0.9668989547038328
 0.9752650176678446
 0.9698996655518395
 0.9664429530201343
 0.9612794612794613
 0.9618055555555556
 0.9607508532423208
 0.9594594594594594
 0.9576547231270358
 0.9558303886925795
 0.7431972789115646
 0.9646643109540636
 0.9791666666666666
 0.9689655172413794
 0.9746835443037974
 0.9734219269102991
 0.9816053511705686
 0.9620938628158845
 0.9804270462633452
 0.9620689655172414
 0.9686411149825784
 0.9593639575971732
 0.9732441471571907
 0.7583892617449665
 0.9562289562289562
 0.765625
 0.742320819112628
 0.7432432432432432
 0.9837133550488599
 0.9381625441696113
 0.9863945578231292
 0.7526501766784452
 0.9823717948717948
 0.9741379310344828
 0.9667721518987342
 0.9667774086378738
 0.9782608695652174
 0.9602888086642599
 0.9804270462633452
 0.9551724137931035
 0.9651567944250871
 0.9628975265017667
 0.959866220735786
 0.9580536912751678
 0.9494949494949495
 0.9704861111111112
 0.9744027303754266
 0.7432432432432432
 0.9771986970684039
 0.9575971731448764
 0.9846938775510204
 0.9540636042402827
 0.9743589743589743
 0.9741379310344828
 0.9841772151898734
 0.9667774086378738
 0.9782608695652174
 0.9620938628158845
 0.9822064056939501
 0.9568965517241379
 0.9825783972125436
 0.9628975265017667
 0.9581939799331104
 0.9580536912751678
 0.9579124579124579
 0.9739583333333334
 0.984641638225256
 0.7432432432432432
 0.9657980456026058


# name: baseline_learning
# type: matrix
# ndims: 3
 1 20 5
 0
 0
 0
 0
 0
 0
 0
 0
 0
 0
 0
 0
 0
 0
 0
 0
 0
 0
 0
 0
 2.031814098358154
 1.810634851455688
 1.981888055801392
 1.301950931549072
 1.540963888168335
 1.579319000244141
 1.731818914413452
 1.772489786148071
 2.058442115783691
 1.302315950393677
 1.919999837875366
 1.9024498462677
 1.994596004486084
 1.772815942764282
 2.103399038314819
 1.147750854492188
 1.922993898391724
 1.540386915206909
 2.0955970287323
 1.330679893493652
 1.970251083374023
 2.475588083267212
 1.973925113677979
 2.135893106460571
 3.543465137481689
 1.041136980056763
 2.373612880706787
 1.16596794128418
 2.41967511177063
 2.385169982910156
 1.924705982208252
 2.955143928527832
 2.70792293548584
 1.542083024978638
 3.057916879653931
 3.113568067550659
 3.291593074798584
 2.916244983673096
 2.735789060592651
 1.361992120742798
 3.390720844268799
 3.441534042358398
 2.671800136566162
 2.418613910675049
 2.962594032287598
 1.857295036315918
 2.504080057144165
 2.401453018188477
 1.362511157989502
 3.182231903076172
 4.966490030288696
 3.342741966247559
 2.351618051528931
 3.692361116409302
 3.381633996963501
 2.475746870040894
 2.276333093643188
 5.962442874908447
 2.438992977142334
 1.945743799209595
 3.385716915130615
 2.462996959686279
 2.683498859405518
 2.148252010345459
 3.332518100738525
 2.978057861328125
 2.485337972640991
 4.316890001296997
 5.464001893997192
 3.647323846817017
 6.323468923568726
 3.772897958755493
 3.821745872497559
 3.757025003433228
 4.030657052993774
 3.744632005691528
 2.282212018966675
 3.473163843154907
 3.081083059310913
 3.130840063095093


# name: baseline_prediction
# type: matrix
# ndims: 3
 1 20 5
 0
 0
 0
 0
 0
 0
 0
 0
 0
 0
 0
 0
 0
 0
 0
 0
 0
 0
 0
 0
 1.865977048873901
 1.941071033477783
 1.865319967269897
 2.055812120437622
 1.907405853271484
 2.123203992843628
 2.043528079986572
 2.059822082519531
 1.854021072387695
 1.871209144592285
 1.950834989547729
 1.930089950561523
 1.890526056289673
 2.010222911834717
 1.994100093841553
 1.997357845306396
 1.895627975463867
 1.970693111419678
 1.950073003768921
 2.017059803009033
 1.890581130981445
 1.972050905227661
 1.894186973571777
 2.096955060958862
 1.93958306312561
 2.159552097320557
 2.105354070663452
 2.042994976043701
 1.855751037597656
 1.944481134414673
 2.010164976119995
 1.941729068756104
 1.945327997207642
 2.084284067153931
 2.02470588684082
 2.047868013381958
 1.978399991989136
 2.066828966140747
 1.985837936401367
 2.073800086975098
 1.916399955749512
 2.013020992279053
 1.930881977081299
 2.146147012710571
 2.055606126785278
 2.199668169021606
 2.175190925598145
 2.070003986358643
 1.932431221008301
 2.061689853668213
 2.044008016586304
 1.974950790405273
 1.956887006759644
 2.116152048110962
 2.078490972518921
 2.0745849609375
 1.967959880828857
 2.006836891174316
 2.014797210693359
 2.081099987030029
 1.943425893783569
 2.03734302520752
 1.957224130630493
 2.170037984848022
 2.123137235641479
 2.271543025970459
 2.141177177429199
 2.089923858642578
 1.949963092803955
 2.062102079391479
 2.035330057144165
 2.030699968338013
 1.986763954162598
 2.114234924316406
 2.072287082672119
 2.062368154525757
 2.022140979766846
 2.018336057662964
 2.042623043060303
 2.134887933731079


# name: prob_accuracy
# type: matrix
# ndims: 3
 1 20 5
 0
 0
 0
 0
 0
 0
 0
 0
 0
 0
 0
 0
 0
 0
 0
 0
 0
 0
 0
 0
 0
 0
 0
 0
 0
 0
 0
 0
 0
 0
 0
 0
 0
 0
 0
 0
 0
 0
 0
 0
 0
 0
 0
 0
 0
 0
 0
 0
 0
 0
 0
 0
 0
 0
 0
 0
 0
 0
 0
 0
 0
 0
 0
 0
 0
 0
 0
 0
 0
 0
 0
 0
 0
 0
 0
 0
 0
 0
 0
 0
 0
 0
 0
 0
 0
 0
 0
 0
 0
 0
 0
 0
 0
 0
 0
 0
 0
 0
 0
 0


# name: prob_learning
# type: matrix
# ndims: 3
 1 20 5
 0
 0
 0
 0
 0
 0
 0
 0
 0
 0
 0
 0
 0
 0
 0
 0
 0
 0
 0
 0
 0
 0
 0
 0
 0
 0
 0
 0
 0
 0
 0
 0
 0
 0
 0
 0
 0
 0
 0
 0
 0
 0
 0
 0
 0
 0
 0
 0
 0
 0
 0
 0
 0
 0
 0
 0
 0
 0
 0
 0
 0
 0
 0
 0
 0
 0
 0
 0
 0
 0
 0
 0
 0
 0
 0
 0
 0
 0
 0
 0
 0
 0
 0
 0
 0
 0
 0
 0
 0
 0
 0
 0
 0
 0
 0
 0
 0
 0
 0
 0


# name: prob_prediction
# type: matrix
# ndims: 3
 1 20 5
 0
 0
 0
 0
 0
 0
 0
 0
 0
 0
 0
 0
 0
 0
 0
 0
 0
 0
 0
 0
 0
 0.000125885009765625
 0.0001199245452880859
 0.0001318454742431641
 0.0001220703125
 0.0001471042633056641
 9.894371032714844e-05
 0.001249074935913086
 0.0001039505004882812
 0.0001199245452880859
 0.0001018047332763672
 9.012222290039062e-05
 0.0001211166381835938
 0.0001280307769775391
 5.006790161132812e-06
 0.0001120567321777344
 0.0001220703125
 4.506111145019531e-05
 0.0001249313354492188
 0.0001289844512939453
 0.0001199245452880859
 0.0001239776611328125
 0.0001211166381835938
 0.0001299381256103516
 0.0001249313354492188
 0.0005710124969482422
 9.489059448242188e-05
 0.0001089572906494141
 0.0003399848937988281
 9.417533874511719e-05
 0.0001430511474609375
 9.894371032714844e-05
 0
 0.0001468658447265625
 0.0001268386840820312
 0.0001499652862548828
 0.0001759529113769531
 4.601478576660156e-05
 0.0001230239868164062
 0.0001058578491210938
 0.0001211166381835938
 0
 0.0001201629638671875
 0.0009958744049072266
 0.0001230239868164062
 0
 9.894371032714844e-05
 5.102157592773438e-05
 0.0001108646392822266
 0.0001192092895507812
 6.389617919921875e-05
 0.0001180171966552734
 9.894371032714844e-05
 0
 0.0001361370086669922
 0.000186920166015625
 0.0001118183135986328
 4.601478576660156e-05
 2.694129943847656e-05
 0
 0.0001459121704101562
 0.0001239776611328125
 0.001036882400512695
 0.0001301765441894531
 0
 0.0001409053802490234
 0.0001239776611328125
 0.0001730918884277344
 0.0001177787780761719
 0.0001571178436279297
 0.0001199245452880859
 0
 0.0001189708709716797
 0.0001249313354492188
 0.0002210140228271484
 0.0001249313354492188
 6.890296936035156e-05
 0.0001490116119384766
 0.0001289844512939453
 0.0001308917999267578


